Positionen(in Spalten):

(1, 1, 0) -> (100,500)
(1, 4, 0) -> (100,300)
(1, 7, 0) -> (100,100)

(2, 2, 0) -> (175,425)
(2, 4, 0) -> (175,300)
(2, 6, 0) -> (175,175)

(3, 3, 0) -> (250,350)
(3, 4, 0) -> (250,300)
(3, 5, 0) -> (250,250)

(4, 1, 0) -> (300, 500)
(4, 2, 0) -> (300, 425)
(4, 3, 0) -> (300, 350)

(4, 5, 0) -> (300, 250)
(4, 6, 0) -> (300, 175)
(4, 7, 0) -> (300, 100)

(5, 3, 0) -> (350,350)
(5, 4, 0) -> (350,300)
(5, 5, 0) -> (350,250)

(6, 2, 0) -> (425,425)
(6, 4, 0) -> (425,300)
(6, 6, 0) -> (425,175)

(7, 1, 0) -> (500,500)
(7, 4, 0) -> (500,300)
(7, 7, 0) -> (500,100)
